[HOMOMATRIX]
r11	=	1.093533e-001
r12	=	7.512812e-004
r13	=	-5.127321e+003
r21	=	-1.016118e-003
r22	=	-1.099491e-001
r23	=	5.346150e+002
r31	=	-2.188271e-006
r32	=	1.005786e-006
r33	=	1.000000e+000

[WHOMOMATRIX]
r11	=	1.093533e-001
r12	=	7.512812e-004
r13	=	-5.127321e+003
r21	=	-1.016118e-003
r22	=	-1.099491e-001
r23	=	5.346150e+002
r31	=	-2.188271e-006
r32	=	1.005786e-006
r33	=	1.000000e+000

