[HOMOMATRIX]
r11	=	1.209258e-001
r12	=	2.366120e-003
r13	=	-6.745418e+002
r21	=	1.566397e-003
r22	=	-1.211314e-001
r23	=	5.093367e+002
r31	=	-1.668324e-006
r32	=	3.828478e-007
r33	=	1.000000e+000

[WHOMOMATRIX]
r11	=	1.209258e-001
r12	=	2.366120e-003
r13	=	-6.745418e+002
r21	=	1.566397e-003
r22	=	-1.211314e-001
r23	=	5.093367e+002
r31	=	-1.668324e-006
r32	=	3.828478e-007
r33	=	1.000000e+000

