[HOMOMATRIX]
r11	=	1.230552e-001
r12	=	2.785242e-003
r13	=	-1.494742e+002
r21	=	1.664784e-003
r22	=	-1.232427e-001
r23	=	5.179228e+002
r31	=	-1.888773e-006
r32	=	5.586172e-007
r33	=	1.000000e+000

[WHOMOMATRIX]
r11	=	1.230552e-001
r12	=	2.785242e-003
r13	=	-1.494742e+002
r21	=	1.664784e-003
r22	=	-1.232427e-001
r23	=	5.179228e+002
r31	=	-1.888773e-006
r32	=	5.586172e-007
r33	=	1.000000e+000

