[HOMOMATRIX]
r11	=	1.238432e-001
r12	=	-2.095213e-004
r13	=	-1.376810e+003
r21	=	-2.218260e-004
r22	=	-1.236211e-001
r23	=	5.240804e+002
r31	=	2.082704e-007
r32	=	-2.710392e-007
r33	=	1.000000e+000

[WHOMOMATRIX]
r11	=	1.238432e-001
r12	=	-2.095213e-004
r13	=	-1.376810e+003
r21	=	-2.218260e-004
r22	=	-1.236211e-001
r23	=	5.240804e+002
r31	=	2.082704e-007
r32	=	-2.710392e-007
r33	=	1.000000e+000

