[HOMOMATRIX]
r11	=	1.276401e-001
r12	=	1.176572e-003
r13	=	-5.275679e+003
r21	=	8.377800e-004
r22	=	-1.267690e-001
r23	=	5.165754e+002
r31	=	4.856215e-007
r32	=	5.172971e-007
r33	=	1.000000e+000

[WHOMOMATRIX]
r11	=	1.276401e-001
r12	=	1.176572e-003
r13	=	-5.275679e+003
r21	=	8.377800e-004
r22	=	-1.267690e-001
r23	=	5.165754e+002
r31	=	4.856215e-007
r32	=	5.172971e-007
r33	=	1.000000e+000

