[HOMOMATRIX]
r11	=	2.748218e-001
r12	=	6.822653e-003
r13	=	-1.097575e+002
r21	=	5.404703e-003
r22	=	-2.723920e-001
r23	=	5.731711e+002
r31	=	-5.557970e-007
r32	=	3.860286e-006
r33	=	1.000000e+000

[WHOMOMATRIX]
r11	=	2.748218e-001
r12	=	6.822653e-003
r13	=	-1.097575e+002
r21	=	5.404703e-003
r22	=	-2.723920e-001
r23	=	5.731711e+002
r31	=	-5.557970e-007
r32	=	3.860286e-006
r33	=	1.000000e+000

