[HOMOMATRIX]
r11	=	1.239116e-001
r12	=	-9.399124e-005
r13	=	-4.368422e+003
r21	=	-5.530853e-004
r22	=	-1.234693e-001
r23	=	5.593914e+002
r31	=	-6.044076e-008
r32	=	-5.762721e-007
r33	=	1.000000e+000

[WHOMOMATRIX]
r11	=	1.239116e-001
r12	=	-9.399124e-005
r13	=	-4.368422e+003
r21	=	-5.530853e-004
r22	=	-1.234693e-001
r23	=	5.593914e+002
r31	=	-6.044076e-008
r32	=	-5.762721e-007
r33	=	1.000000e+000

