[HOMOMATRIX]
r11	=	1.277814e-001
r12	=	2.149630e-003
r13	=	-3.756337e+003
r21	=	1.513970e-003
r22	=	-1.269529e-001
r23	=	4.994361e+002
r31	=	6.775166e-007
r32	=	6.858518e-007
r33	=	1.000000e+000

[WHOMOMATRIX]
r11	=	1.277814e-001
r12	=	2.149630e-003
r13	=	-3.756337e+003
r21	=	1.513970e-003
r22	=	-1.269529e-001
r23	=	4.994361e+002
r31	=	6.775166e-007
r32	=	6.858518e-007
r33	=	1.000000e+000

