[HOMOMATRIX]
r11	=	1.188969e-001
r12	=	2.119910e-003
r13	=	-2.752293e+003
r21	=	1.612965e-003
r22	=	-1.193487e-001
r23	=	4.663199e+002
r31	=	-1.611834e-006
r32	=	-4.211912e-007
r33	=	1.000000e+000

[WHOMOMATRIX]
r11	=	1.188969e-001
r12	=	2.119910e-003
r13	=	-2.752293e+003
r21	=	1.612965e-003
r22	=	-1.193487e-001
r23	=	4.663199e+002
r31	=	-1.611834e-006
r32	=	-4.211912e-007
r33	=	1.000000e+000

