[HOMOMATRIX]
r11	=	1.326472e-001
r12	=	1.001779e-003
r13	=	-2.382191e+003
r21	=	1.553930e-003
r22	=	-1.313449e-001
r23	=	5.242221e+002
r31	=	2.461080e-006
r32	=	6.093732e-007
r33	=	1.000000e+000

[WHOMOMATRIX]
r11	=	1.326472e-001
r12	=	1.001779e-003
r13	=	-2.382191e+003
r21	=	1.553930e-003
r22	=	-1.313449e-001
r23	=	5.242221e+002
r31	=	2.461080e-006
r32	=	6.093732e-007
r33	=	1.000000e+000

